1389612559049891842
1389612569590181895
1389695217763291136
1389354057924497414
1389357393772007430
1389327579115569161
1389428447185883137
1389351349968687105
1389694732700327942
1389615944582909955
1389619507015077894
1389413351797710855
1389693038050557955
1389691227688341509
1389638494730035203
1389690282464190472
1389690140344291328
1389689047547879424
1389395063642411009
1389688460991242242
1389387691658203136
1389687903945637894
1389687081287434249
1389650618046943236
1389622338640023558
1389644157937930246
1389642612471123969
1389274045212934144
1389686968502599687
1389610359313608704
1389290588789428227
1389686036482207746
1389685701764132867
1389685300398632966
1389685066507370497
1389269936049098754
1389318897732661254
1389309188594151428
1389314995385688072
1389684400133009410
1389684292901556225
1389684245631623170
1389683867846516736
1389269072299261955
1389683837588889600
1389683756676665349
1389683638212698115
1389683336717733889
1389682539208577028
1389681787492872196
1389675194285924352
1389681624095338502
1389681209639325705
1389330735996276742
1389681088121999361
1389679622120480782
1389576019573608454
1389580307997863944
1389373797292290048
1389374645497966592
1389677886219726848
1389677756670255104
1389677608368021517
1389677477895757824
1389677413026643975
1389613888606543878
1389677010079858698
1389676082169749505
1389599231631978496
1389673908668878848
1389673287928713217
1389672517623816192
1389671763169087494
1389671716813672451
1389671174687371265
1389671121323184131
1389306011253620741
1389669821554597890
1389324178692534273
1389341510471065600
1389669561272733696
1389669274697060353
1389669265159098373
1389668387178131461
1389667612112658437
1389666600014450697
1389666179279642630
1389665848932110336
1389665702399909892
1389665594069368834
1389665433184243712
1389315171152273408
1389665183963009033
1389662205826805771
1389627758586777602
1389660051468652545
1389660022431432710
1389659239300440065
1389659226444910593
1389658945485099008
1389339814579871751
1389324670802014213
1389656855081852933
1389309576097435648
1389279745884426243
1389656021040259072
1389655682052460555
1389654280358010882
1389654758529589257
1389416870655283200
1389655121953542147
1389654111503671297
1389652799319859200
1389652775945048067
1389652372117508097
1389652247341150217
1389652074716073986
1389651332152320007
1389650695834456069
1389650250600693766
1389615659127119874
1389647493626048513
1389285308265533442
1389647141329592323
1389646883874906115
1389307714011009024
1389307876326494208
1389646528218808322
1389645247047688194
1389644972241166347
1389644027222441985
1389440279879602176
1389643169080528899
1389641979114442762
1389640423983960064
1389640251182833670
1389638946024460301
1389639913130401793
1389639667449016323
1389639455812866049
1389639095383592962
1389639093441728512
1389638032597438464
1389637921968373760
1389637894978088970
1389636033214664704
1389636022741336065
1389315540099899392
1389635472545128448
1389635219909644291
1389317800670515201
1389634886063902721
1389305909956866050
1389584511784996866
1389272310519975937
1389339529480339456
1389601295409967115
1389322718105927681
1389633399200100353
1389337057776992258
1389633159210233857
1389633118458441730
1389287928283631618
1389632779965517831
1389314616350576641
1389631931910922240
1389631441995280395
1389613105001418752
1389631161522139139
1389631046577266691
1389630920232247304
1389630558431494147
1389629816043970563
1389629736775790592
1389628010345766916
1389626873634869260
1389626648211988501
1389342010990080001
1389625333125627905
1389625123439845377
1389623860300062721
1389623763495440389
1389623682184720384
1389623680041426944
1389622972030328833
1389622893655560193
1389338019283488769
1389622174944800772
1389622105969397760
1389621622819205121
1389621559090888711
1389621188863971336
1389621045477396483
1389620852585533444
1389620700751831043
1389620295561064454
1389619930191048713
1389619830463111168
1389619628033380354
1389619107184709637
1389617271291748360
1389617246918660103
1389616418635796480
1389615747178057732
1389615686440398853
1389614975187095552
1389614968576921604
1389587772009242625
1389613504320184320
1389612849085956105
1389612621465272321
1389612060275789832
1389381709251162114
1389611925777027074
1389336878831259652
1389272368430858243
1389326908492500994
1389611284929335296
1389610767822036994
1389608971242196996
1389607966811250689
1389607780609310724
1389607693975916544
1389607686434656256
1389607112083394561
1389606466634584071
1389606016774463489
1389605857495814150
1389605828089585665
1389604751868899335
1389603386098659329
1389330085203828736
1389602134262489094
1389601319556616194
1389600933168955392
1389598313943552002
1389598070900498438
1389596724784738309
1389596708938584077
1389596646036606984
1389596545130147840
1389595186074951688
1389594286296117248
1389594040463679490
1389593722321506304
1389593323879424000
1389592589335072774
1389592560805482507
1389573710680674311
1389592041735208968
1389331101605322755
1389591780463718403
1389591685815050241
1389591586741293061
1389589639091081220
1389588062821363713
1389355753954324484
1389587274292158484
1389587153890447360
1389585629672054784
1389584103054454792
1389583428304179205
1389583134950318080
1389581366673743872
1389580947813814280
1389580471412137995
1389579701790859266
1389578694914711556
1389577912312078336
1389577776936726530
1389577686092189697
1389577294390435854
1389577035677319168
1389576581094559746
1389372426690220033
1389576197768630272
1389575202959417347
1389574978799128583
1389573537808125959
1389573350335336451
1389573196425437186
1389573152750161922
1389571994535014406
1389420810780151808
1389334499155185672
1389570819760795658
1389328115961368582
1389570744645005345
1389570373625290755
1389570160563007492
1389569653874348032
1389287256779804672
1389568382899564550
1389567903951958024
1389567371078164482
1389566922321240067
1389563391551885315
1389562230748979202
1389561309239332869
1389560907823521792
1389560259673530370
1389560888068280327
1389560763853987840
1389559828788428801
1389559554879496195
1389559205858738179
1389558621273563136
1389556989387284480
1389556585777795073
1389555894023753728
1389554966935789583
1389553661391613953
1389553472610181124
1389553472434057218
1389551831446171648
1389370422836224003
1389550257554526210
1389547074023211011
1389544044636917760
1389543490422558725
1389539584242036737
1389338226486358019
1389538787169128452
1389536615043944450
1389535816242929668
1389536250248454145
1389530386007478275
1389362902814138368
1389529200776916994
1389526104965267461
1389517401297915909
1389517374596997120
1389509680901263365
1389448656357519364
1389496858611961857
1389490952792850435
1389485957947273219
1389462472994836482
1389454255849938947
1389453623529254913
1389452720646524930
1389449060424237056
1389448447841947651
1389450716046036993
1389450237492793350
1389449402620780545
1389444508232847362
1389444141403213827
1389443425980801024
1389438013223182338
1389434803846537218
1389439161652895746
1389439775598338049
1389439589883039745
1389438974981296131
1389439326958858242
1389433739546071040
1389438141375860739
1389437005793275910
1389435456794894337
1389435062794526720
1389362165505839104
1389432137061998592
1389430206348279811
1389429735432855555
1389428763654565893
1389426114708316163
1389395514714636290
1389424545988321280
1389424168668700674
1389419942605475848
1389424061407768580
1389422214613807104
1389419794470998017
1389418767495663621
1389415133840089101
1389414421269815296
1389413859572727810
1389412799852449793
1389410476875030528
1389410475117588480
1389410255893893120
1389409927773425666
1389376952461627402
1389409428391202819
1389338700212019201
1389372679095033873
1389374734605897729
1389336154537746433
1389314020084228102
1389309818947637253
1389367582596141062
1389334448777441280
1389409352734367749
1389409111515803662
1389408599982628864
1389406019344912384
1389405830592741378
1389405543593349120
1389405529659805702
1389401788458098693
1389400072031440897
1389399985918259201
1389399711166128131
1389399290800443394
1389397758923116548
1389396774394204167
1389395567026085888
1389394985192235011
1389391969374412805
1389391721180585990
1389390094927286279
1389387846109343744
1389389917369733122
1389387632732430340
1389387315651485705
1389387199666343937
1389387188849233930
1389386803422146561
1389385412255358976
1389384118857838592
1389383009875464194
1389382482898870276
1389362881913819139
1389377661324173316
1389375101196541956
1389276980726616068
1389374925228679170
1389272283466932236
1389372203569983489
1389372014897647617
1389371190460964864
1389369560172740614
1389369097918550017
1389369553168347141
1389368870192955392
1389368641641197568
1389368083450671109
1389367293461811202
1389366501925347329
1389367089769717760
1389346224764035072
1389366335935811586
1389365851401461761
1389365136343896065
1389348503688732678
1389365997652496384
1389365311640584193
1389365223455350786
1389364363207786501
1389364057417846786
1389309367221112835
1389363821798739969
1389363266980352005
1389361612461588481
1389360625478930438
1389359557298823175
1389359400918343684
1389359166435758086
1389358431862198274
1389358316887977987
1389358162352947206
1389314328403267590
1389356500511043584
1389356249209257984
1389355663747342336
1389354467531821059
1389353968883707905
1389353752474406917
1389273293065232386
1389268653284151299
1389353567597760517
1389352880818249729
1389352449232805888
1389319077366206470
1389317021385515011
1389287262618275846
1389349427542900738
1389283146361884675
1389333400931160080
1389351802223710208
1389315331722723339
1389341930010599425
1389350983692587010
1389350779732078593
1389350188565901312
1389349814207500291
1389348784417636356
1389348039022858241
1389347951596687363
1389347519323332609
1389347054015631363
1389346370780270592
1389346307014287361
1389346243025965056
1389345922958696452
1389344319790895105
1389343904823136256
1389343159826755585
1389343009863516161
1389342636293623810
1389342234886160385
1389341936658616326
1389341770299936770
1389341589818855428
1389341535725047809
1389340815575691264
1389340757190971400
1389340701075324928
1389338564958121985
1389338351619219459
1389337733764722689
1389336627248500747
1389336538803105801
1389336437888372737
1389335149075181573
1389334052361097216
1389333888451891203
1389333700349943809
1389333695778148352
1389333598680059909
1389332754622451712
1389332522862096390
1389277655057330179
1389332098956201986
1389269044667109376
1389280724910448641
1389331042729824258
1389329411930050562
1389329286306349060
1389327795776544770
1389326967770648576
1389326930651013130
1389326368509419535
1389325422073159684
1389323681294344193
1389323250056957958
1389293143737122827
1389322447749529614
1389321494421983234
1389321145971875844
1389321109422628868
1389320667254960137
1389320461948002320
1389320334831198211
1389319410834362375
1389318812558843910
1389317508155518979
1389316537270550531
1389315814227169285
1389315321656397824
1389314009241894914
1389313171685576708
1389309948614610946
1389311223364259842
1389311026177454096
1389311141436870659
1389292096654295041
1389285069907537921
1389287941915164672
1389309776501346304
1389307612165033997
1389307104784171009
1389306117772267521
1389291757251305485
1389306127934963721
1389306081155948546
1389305957218402309
1389305946824916998
1389305860812386308
1389305265099612168
1389304693223010309
1389304552101498882
1389304408677265409
1389302927077036034
1389302875558486019
1389302666015162368
1389302525833007104
1389302445537435648
1389302087658491912
1389301414804000773
1389300104092389380
1389299826035101698
1389299756191473664
1389297537610391554
1389296642847772673
1389295621375463425
1389294933396312070
1389294874147557383
1389294797794553859
1389294596006555650
1389294558329118722
1389293926629191686
1389293682885595143
1389293377347334149
1389293353536266244
1389293280299556865
1389292877063376899
1389292660192538624
1389292498581921797
1389291672899555328
1389286262218137606
1389288877219885056
1389288660189786112
1389287790974808066
1389287418671599617
1389286120354091021
1389285713242374151
1389285429090918401
1389281867241861128
1389281242395385861
1389280896797356033
1389280376128999424
1389279309018316808
1389279105980502017
1389277681640820743
1389277316103106564
1389276972363128832
1389276742603481088
1389276103139860480
1389275605544456197
1389275302556176384
1389274839135969280
1389274722819530755
1389273548003360771
1389272847097503744
1389272266031177730
1389270030668517382
1389269985319690242
1389269582356131841
1389269434355888130
1389268636234395648
1389268592701628416
1389266706661531651
1389266639301005321
1389265836054024197
1389265529903489027
1389264839818760195
1388992487059042304
1389264265668927494
1388614993038520323
1389264112920711177
1389263125933928448
1389261944599760896
1389261641238421516
1389260955138371588
1389260609154342914
1389260217192521730
1389259760642498563
1389240843844861959
1389259610930958337
1389259493133930496
1389259137394036737
1389258076793020422
1389257473752719365
1389257354290634755
1389255980140138503
1389213534748385280
1389253837689659393
1389253460328173568
1389251856505921538
1389251853519577091
1389251678558474241
1389251061005922310
1389250982895357952
1389250725650354178
1389204289906741249
1389168755721134082
1389250433877614596
1389219804821655557
1389195980243828742
1389250419319267333
1389249762839379972
1389249486199853060
1389249232754946059
1389249233543483399
1389249231727304708
1389249213507284992
1389248880684974083
1389248687117905925
1389247528110075910
1389247233003036680
1389247183967465472
1389246753703178247
1389245021153550336
1389244978426089472
1389244208335179776
1388918198083280896
1388940877930721281
1389242974765125632
1389242805843857419
1389184141472718850
1389242010574495744
1388885043041480705
1389241401188274180
1389239926135341061
1388910735984664576
1389240127919099911
1389241232199720961
1389240357699956739
1389236037860438021
1389233242440716291
1389239921546862597
1389239473544781826
1389239821747560451
1389238356698181643
1389237760041488384
1389237660351438851
1389236592078991360
1389236529067925507
1389236422717153284
1389236117359185922
1389235986228469764
1389235946537771009
1389235941362085902
1389235155022323727
1388917147255050245
1389234689030959107
1389234424143810571
1389234308334989312
1389234228597035010
1389234066961141764
1389233446472519684
1389233287927934976
1389233234123309057
1389233076216156166
1388940580651032576
1389231994911952897
1388884664190787588
1389231958434193408
1389231134060470278
1389231021929943044
1389230293555589123
1389229883847548929
1389229841854107648
1388991274754187264
1389229414735564801
1388928138311344128
1388930746015002634
1388929778091184137
1388928789904830474
1389229042231033865
1389228847091027970
1389228107748495373
1389228102287515653
1388839896790577157
1389227845734572035
1389227238567067648
1389225890509373443
1389225487017422848
1389225415919783938
1389224738841575425
1389224487367946240
1388961964156604417
1389224464554938374
1389224277594058754
1388883183106772993
1389223698419355648
1389223600629161984
1388966117884968967
1389222534055354376
1389222297928671233
1389222129418358787
1389222065287401472
1389222019703754753
1388859462681722893
1389221898983071745
1389221372040261636
1389220883982692354
1389220666080178177
1389220547456819200
1389216102929113092
1389220237334228993
1389219539196469253
1389219240234921988
1389218959807897600
1388895732866945026
1388873066449674243
1389218609013137410
1389218072381198340
1389217660009861121
1389216168150544389
1389214990469582850
1389214510674857988
1389212720147443712
1389212325413064708
1389212320321114112
1389212280768892930
1389211653363875846
1389211369250115584
1389211274861551617
1389210524089454599
1388880228404039680
1389209269468385282
1389207767756517377
1389186348825858060
1389207338259779585
1388660332638482434
1389207010818801669
1389206433464557571
1389203642465595398
1389201642298425346
1389201305965637632
1389201233064378374
1389200006985527298
1389198034639130630
1389196939317563398
1389194979805958148
1389194291445178369
1389193492031709190
1389189821462196225
1389189656139415555
1389043941257928706
1389189368699662338
1389187558219866112
1389184161341128706
1389182719817625600
1389182714276892672
1389180876240662528
1389179027047452674
1389176502756024324
1389176418928447488
1389175002872926210
1389173426989019147
1388850676860608516
1389171002353934337
1389168962278146048
1389168305160609802
1389164242662744067
1389163920724746242
1389149639274864649
1389135937704181760
1388952571449122822
1389124818969272321
1389130613723172865
1389130577769553921
1389110572612997121
1389102041931390978
1389100223201488897
1389092462312964099
1388993085493977089
1388997917969633280
1389087522060439555
1388990825661673475
1389084015802585089
1389081545672175617
1389077349547843585
1389074734407684097
1389073189624549376
1389071824374403076
1388717960164950023
1388722038274240516
1389065882064855047
1389064011891843072
1389058159784902656
1389056905977516035
1389056097244360706
1388825999555579905
1389055071162441734
1389054591342465024
1388690373397073921
1389007077457211396
1388649297395265539
1389054107084787718
1388840985858351108
1389052601203822594
1389052326435037185
1389050607986790400
1389049193487126529
1389047780849631237
1389047589186809861
1389046902503653376
1388885744438104070
1388648884575027206
1389044813195059203
1389044108682047489
1389043624021794818
1389043608813252609
1389041935722106884
1389041387681640448
1389041118067712006
1389041116373204995
1389039900117327872
1389039565063720965
1389038987172589575
1388663829698072583
1389035145081069568
1389034993557594115
1388678680612941837
1389031507239575555
1389031407096418304
1389029001096802305
1389028916426334216
1389025764310462469
1389025699168665600
1388977251216134146
1388970278848540674
1388979193124429825
1388963211257565191
1389025216173588486
1388906244346425345
1389022158857383946
1389023664872599554
1389023447871852544
1389020930136023048
1389018616906014722
1389018335992504323
1389018073517154310
1389017784886177797
1388960377766043649
1388960731689857033
1389017399475720195
1389016254325923843
1389016135803228161
1389011621612302350
1388888052140068865
1389009224588476430
1389008974503157760
1388625697522978816
1389008862288785408
1389008561947267072
1388689931560755200
1388685389284708357
1388867450876407808
1388713806864519170
1389005976968302593
1389005165169201154
1389005102665584641
1388727577255219202
1389003915069378563
1389003813579808768
1389003488773001222
1389002095555190790
1389001247831777281
1388997818602360840
1388994267067174913
1388994104420405252
1388843086302830597
1388993957624000513
1388993784583753733
1388991809335009282
1388991681844944905
1388987230484566018
1388986041621614595
1388985809202819079
1388984947025797122
1388984745053327365
1388983838987231234
1388981949096611840
1388981744834068484
1388968135131291652
1388980546072715266
1388950538033803272
1388978161522728963
1388964291538210823
1388954684925296649
1388949583745720321
1388956133415657478
1388977565206028289
1388977028448280576
1388976707370209284
1388975608403738626
1388975268568653825
1388973825065357317
1388971947053264896
1388970711746707456
1388937130903179266
1388969988434845697
1388967428827189248
1388865604833079300
1388899605979418624
1388967167362801669
1388858573564821506
1388963721490411530
1388963656688361477
1388962749183574019
1388617071815118848
1388962676915642370
1388961290106904578
1388960133707878406
1388959479010582532
1388958334334668810
1388958270367338499
1388956812163141634
1388956265099976706
1388953085100318720
1388953047238418437
1388952930288558081
1388952650209767427
1388951703278477317
1388951102834552833
1388949151040352258
1388947852869648388
1388946912737259520
1388946852289159172
1388946681022930944
1388603840455352322
1388888450099675136
1388942756811264000
1388942393303523329
1388942313393729540
1388941467503120384
1388858575972278275
1388941310069989376
1388940855898165253
1388939655832227842
1388938692946022401
1388937930291429378
1388936009946128388
1388935884737851397
1388935060007571456
1388933036352356352
1388932749780729858
1388932132328853519
1388930441374208000
1388930397073981445
1388928754941112329
1388928606739501065
1388925748828852226
1388925300860411906
1388858819216818186
1388925057502695424
1388923394071142410
1388923299099512832
1388920724262461447
1388923186318872578
1388921475244208130
1388922980105871363
1388922309629579269
1388921097849085955
1388921020485181440
1388918096493219843
1388916774964445185
1388916155675447296
1388915930151989251
1388915893921619972
1388915744105242625
1388914512187756546
1388914129029767174
1388913626854182914
1388913283906875399
1388911657821343746
1388910741349089283
1388910582582104066
1388910113902186501
1388909139439534081
1388907856733392898
1388905577032601600
1388905495650504706
1388904971140276228
1388904717506555905
1388904561734205440
1388901778339549185
1388901734551064577
1388901410318606336
1388900553481236496
1388899660320940032
1388898019739938817
1388897910084063240
1388894718692675590
1388894279695806469
1388893712646877190
1388893733739978758
1388893341090291715
1388892632936505346
1388891959163510785
1388891488436768769
1388889832357830657
1388888846813720580
1388886944059248641
1388608294814556160
1388886364758941703
1388885992581500930
1388882996040699911
1388878659914698754
1388878300265787399
1388877066658013186
1388876319732207621
1388876081684525056
1388875924964315137
1388875922367987717
1388875921239777286
1388875923823472647
1388875915799810054
1388875403008348160
1388874839801401346
1388874372870549505
1388873321140400129
1388873312365916161
1388873117670559744
1388870498818445317
1388870321915244544
1388868157151055875
1388867338338902016
1388866278086127616
1388864017016500224
1388863828222435328
1388681759693361152
1388861320548732937
1388861550413365250
1388859516322820102
1388859335917248516
1388856998444285958
1388849729551884288
1388845751652990977
1388844533904027655
1388844138385264643
1388842672966799361
1388841151772434440
1388830640431370241
1388840959874588676
1388839642653417474
1388838836411772928
1388688417245048832
1388836495436431360
1388690192257716229
1388834927140130818
1388831602315350021
1388831256062959617
1388831207010537472
1388747823118684160
1388826432730763265
1388822504823795713
1388819459129987072
1388818448436715522
1388817354298216448
1388619615757078537
1388675870789931011
1388621966433832961
1388623342488408067
1388811099483648005
1388808254873128960
1388807185069707264
1388800792723918848
1388798593121890307
1388794938184409089
1388778124012408832
1388773927070179331
1388773007875842050
1388771122846502919
1388764886306525185
1388761518246871040
1388759704072081410
1388755204158500864
1388753720264077313
1388751169275711488
1388742113009885189
1388741312439103491
1388738927054532608
1388737436264681473
1388725245130022917
1388722673430278153
1388719282150907905
1388716717975691266
1388709949849669635
1388703843840561155
1388703509453889546
1388699695984300033
1388696711263096835
1388696096399110147
1388696049548767241
1388695076210155520
1388691967819882499
1388690657682804737
1388690369999740930
1388654647930507266
1388687096316112897
1388686133622714368
1388685527105298434
1388684737670156291
1388684427589476356
1388682246270472196
1388681140920360960
1388676967776624641
1388676854224232449
1388675590715232256
1388665339790123009
1388674929391030275
1388674567766306821
1388672120348151814
1388672079168409604
1388671757163319306
1388670949529112579
1388669426195648520
1388668387425980421
1388667481942904833
1388664501365616644
1388664037513338881
1388664030139662346
1388658611887423489
1388657946087862272
1388657244099817473
1388615556593500160
1388656554610671624
1388656097658028033
1388655524992987138
1388650646551863298
1388648569763160065
1388646170550022147
1388645293693050882
1388645187170324487
1388644350377267200
1388642718797156352
1388641265772806145
1388638461180227590
1388633824209383426
1388633040235208705
1388632666761842688
1388631401273122816
1388631096888340480
1388630706532847622
1388630161604726791
1388627922341220352
1388627088714915841
1388626863854133248
1388626616050409476
1388624671483088898
1388623882874150918
1388622118267535360
1388622072176316416
1388621743728771072
1388621739890970624
1388621352190418944
1388619131902103552
1388618909083967493
1388618749939372032
1388618526408286210
1388617765540536321
1388616459601989637
1388615068435288081
1388612318473297920
1388610984164560896
1388609082265833479
1388608295167012864
1388607263921876995
1388606440806490113
1388605696866934784
1388606341686644737
1388606314293735427
1388603836198162440
1388602109721993220
1388602087823577096
1388602084208128006
1388601213273395201
1388600266652590083
1388597722865876996
1388598889058611207
1388595868505460743
1388118525500395525
1388096603412697088
1388595408394326016
1388133473458683907
1388595104588390401
1388594811796606979
1388587476927795203
1388594707715043328
1388593528079585285
1388133104079065088
1388592976549621766
1388591695449796610
1388585988511784961
1388256646091079680
1388585567588397061
1388584889319051268
1388584823246229508
1388146920972079106
1388582854347612164
1388569662674382852
1388582507633946628
1388581582777339906
1388581357031464966
1388581279331983366
1388580212863025157
1388545219474374658
1388579104677634050
1388578778545332225
1388578692755034114
1388578225484353536
1388578096106856452
1388577102564315138
1388576471493525505
1388576426148958208
1388575804628606980
1388574058241998850
1388573127769219083
1388572813985001476
1388573118839537665
1388572854585892869
1388572105717993475
1388142476137926656
1388571722106896385
1388192471880900615
1388570704329781249
1388569622295810051
1388247295347634181
1388531241721401346
1388569304069705728
1388569266446901248
1388568580548141057
1388568568124649481
1388567519561019393
1388567302036238340
1388251296780718086
1388567264010592261
1388510946839056384
1388107981196206082
1388566989103194112
1388189620068704258
1388298484873273346
1388206610980380677
1388151711349440512
1388325717616726017
1388513011766341632
1388487340977442825
1388136472704917506
1388137201276489728
1388255187316314112
1388566434033242113
1388208611105689602
1388566384700018689
1388566058727100421
1388565861930242048
1388564765455364100
1388252058789187585
1388218443917234176
1388564237857935360
1388563565045506049
1388563425312268291
1388563267673542659
1388563106171957248
1388562182837780483
1388562170158501888
1388561908333117440
1388560948785565702
1388555313247408131
1388557859516997642
1388560648905412608
1388560018421817350
1388559910858801152
1388559614455734275
1388557879611772928
1388557621502922753
1388557288714158085
1388557039442464770
1388555442964606979
1388554046517227521
1388174582306148354
1388554011062595588
1388242602869149703
1388553771131842561
1388553348127895554
1388552668726059009
1388211208487149578
1388193236435542019
1388552436370100228
1388551702656299010
1388551621349502976
1388550678314774533
1388548679531892738
1388531010145603586
1388546731772583936
1388546311327084546
1388138428907282438
1388146349955244032
1388546029658722309
1388545800721117184
1388221732532654087
1388544638118764547
1388543881948581900
1388543488770330645
1388543062872297473
1388542934845382656
1388248578062045187
1388541008737046531
1388540072274845701
1388338768604696582
1388537957779451914
1388257202482319364
1388245179577085955
1388264317867397120
1388264253149351936
1388264370543661062
1388259036919959552
1388536326128078850
1388535608918913029
1388534704824111111
1388210224398540801
1388199772432084994
1388534981132263429
1388534682317426690
1388533103103119368
1388253663303409666
1388532473739595780
1388257323186102278
1388528816491016194
1388528485409431552
1388508563622989827
1388528381852008451
1388528240294301698
1388496337176510468
1388528048832667653
1388526389297569801
1388524994922270722
1388524651425447944
1388524261359460353
1388523808890531845
1388523362079682562
1388272775966642178
1388520166724571143
1388271467708788744
1388519912033898499
1388271000211664900
1388473843661086720
1388229833382060032
1388473156273385473
1388227963909550080
1388111531804667906
1388519069154951169
1388519036552683525
1388517647407587331
1388517466482020353
1388517282704470024
1388516783573831686
1388516026002808833
1388515936861310976
1388515694577397761
1388514808845176835
1388514186876030976
1388513592618663938
1388512785785573377
1388512697147342852
1388190119618822146
1388511688606031877
1388190910656176140
1388511004951289861
1388510618014072832
1388510592047087621
1388232844619644940
1388510411033612290
1388507015262134272
1388506803994906636
1388506536058761220
1388505959111221249
1388505217847660549
1388155957910323200
1388099731130310658
1388499827223318528
1388499765516775425
1388499572746506241
1388498958583009281
1388498754756661250
1388498734355464194
1388100323709964292
1388497719409496071
1388475611056951297
1388496644006678529
1388495461548531718
1388494399458455554
1388341688213676032
1388494312594415624
1388494099796447234
1388493872028950535
1388493766777098240
1388491743918792706
1388479752512622593
1388491692798619651
1388488635138326529
1388488275128684545
1388487272216006656
1388241276915564546
1388215172653780996
1388486188546277381
1388483343310852102
1388482938011070467
1388482782679142402
1388481882459885572
1388481314836389891
1388480352314929152
1388479370126405637
1388479765020123137
1388475742867136518
1388468682536497153
1388473566455271429
1388472920494809089
1388006162700832768
1388370655591247872
1388472694656708610
1388472306515824640
1388471062602686466
1388470961444474884
1388470076408467463
1388468382886924289
1388467604759666688
1388467531384594432
1388466296032014338
1388466241594085376
1388465366477725700
1388115487784120332
1388461214557159426
1388460822372962304
1388233035347382277
1388460050340106243
1388239038570708995
1388456236669079553
1388455938760265730
1388456175822323712
1388455252278530056
1388454902234501122
1388454401371672577
1388449581428613120
1388446886168760323
1388438401758679044
1388437693219196930
1388432529582084096
1388247453997191172
1388425177541849090
1388432140438806528
1388131748396118022
1388412716692475904
1388404687943184385
1388400863874588672
1388395092508037120
1388393442376667139
1388393045910069248
1388382212651892737
1388379861148999680
1388387711380242432
1388376408272121857
1388373497739714562
1388367321094369283
1388364836921294848
1388099381832916998
1388154002890805251
1388363874563407875
1388194280661979142
1388187982352551947
1388190582410031108
1388187222692741123
1388191417365929984
1388359306593116161
1388359385043320834
1388357930668462080
1388355404787290113
1388260909618024452
1388352409018281984
1388340199369936897
1388338997995483140
1388336697574834176
1388332437290328064
1388332179650977803
1388331803304501251
1388329923065036816
1388328643370291200
1388328792435920896
1388326499678396418
1388310893956587524
1388325835598336000
1388323945556979712
1388319572219072512
1388319296791658496
1388318740643819523
1388317793620316165
1388316150233174017
1388315350119354370
1388315066563432454
1388314508586856454
1388312579450277888
1388310852831481859
1388307776393330689
1388307157599334400
1388307140612399105
1388306496509853697
1388306328515457026
1388305163312582657
1388305085667676162
1388304987625766928
1388303962344931341
1388302148585279489
1388302146496499714
1388301964748992512
1388300939409469444
1388300141791256582
1388299852124196864
1388299056661860355
1388298870866731010
1388296992816762883
1388296442771558401
1388295275622633476
1388294244104867844
1388292626571579394
1388292462859497477
1388292446199631873
1388292223566024708
1388291407601967109
1388289859736023045
1388289549747597313
1388288492174823429
1388287024063516672
1388285929908064256
1388285405758427136
1388284536077918210
1388284698217140226
1388284423292997632
1388283996019302405
1388283084072787971
1388282743096741896
1388282188169453568
1388280240993095682
1388276130227097600
1388186419781382150
1388202134135574532
1388276089567461381
1388275318339866624
1388274261257768960
1388273965685149703
1388273907183112195
1388272839191580683
1388271421357531141
1388268887574188032
1388266870739030016
1388209936715354112
1388265311942676480
1388265256414105601
1388264462424104963
1388171340683829251
1388190202624159749
1388262582239350784
1388262233570951170
1388260905578897414
1388260572362313728
1388260141728813061
1388176313920352256
1388260031355838466
1388259803038986240
1388258207152365570
1388258091544809474
1388257402173091841
1388152659215978496
1388232113586012161
1388257328663724032
1388255153921351683
1388254114866417664
1388253132707311622
1388251973070245888
1388251817658695690
1388251809899294720
1388249713338638339
1388249141378261001
1388248132509655040
1388247616220246019
1388247561140637701
1388246781557882887
1388246705347432449
1388245667726958592
1388245604040593415
1388244125296832513
1388243810312933376
1388242942033334278
1388242735153491973
1388242380256681986
1388190931938156547
1388242457863856133
1388135556597620744
1388135916133302273
1388240657173684226
1388239936026030080
1388238581186154499
1388238469240180737
1388237865914703876
1388237590780862465
1388236495161634819
1388236326512824323
1388235727566213124
1388235304088350720
1388234934159020036
1388234370931216391
1388234004172783621
1388185070733828103
1388212150355771392
1388230019525365761
1388228385722224646
1388228359306555400
1388228020100640783
1388225463877779458
1388218571688497161
1388218858289385479
1388224292450672649
1388224282044604418
1388223071232958466
1388222416984367110
1388222004889784323
1388221531814350848
1388221103210962949
1388219925668540416
1388217304194985988
1388216890456256512
1388216810869297152
1388216809560625153
1388215940672757765
1388215834410053638
1388215713148678144
1388215294322266113
1388213146788278274
1388211496950378496
1388210055145828354
1388210018739163137
1388209039868403712
1388206917152120834
1388206785488687107
1388206626386100236
1388205848690839552
1388205274163519495
1388205076599164929
1388196703518482432
1388204820549472260
1388203363259539458
1388203338429259783
1388202698009370628
1388202523136307209
1388202347818520576
1388201070674030598
1388175842946203650
1388170209543008256
1388170216019046403
1388179018986500100
1388200409391579136
1388167949891088391
1388166651510722560
1388199696607350784
1388198615940800520
1388198200301998089
1388197388163092483
1388196548169895940
1388195979673866246
1388124904701169670
1388195696193556482
1388194700700667908
1388194334395207682
1388193009376841738
1388192638516539399
1388192311205634064
1388191828382568448
1388191049072402438
1388191040494968833
1388167812183597059
1388190682062405632
1388122938520526848
1388190097443594240
1388190077600387082
1388189953918701576
1388189826340564999
1388189469094854661
1388188736500944896
1388186053467590660
1388184518843117571
1388181915803455492
1388181815597338632
1388181526664253445
1388178805618053120
1388178286501584897
1388177988919963653
1388177938080804870
1388177485049876489
1388177124310269959
1388177102172823556
1388176240377479174
1388175090806788097
1388174872849883139
1388173870939652099
1388172963149717505
1388171167777923082
1388170799379591168
1388170284625244163
1388170144271290370
1388168188312104962
1388167992656252933
1388166984274219010
1388166529657753600
1388165536308027392
1388165487469727745
1388164317313384451
1388163594223767558
1388127880291422211
1388160487553110021
1388159887444676621
1388159394349682692
1388158286759874560
1388158244888223746
1388158070392606727
1388155480208547845
1388155061847605255
1388154354788671493
1388153883852218369
1388152016111816705
1388151887980081153
1388151400895447049
1388150527188418563
1388147571097473032
1388146567023058945
1388144691498061824
1388143285886201859
1388145613427167242
1388144919890604033
1388144165750558721
1388137950471458820
1388137228271067139
1388137077171175425
1388136342324981761
1388134273832656897
1388133254570598402
1388132800537272325
1388132315742756865
1388132045499551750
1388131951438188546
1388130801242542084
1388130720305065987
1388127941192716289
1388127575495610371
1388126929446973449
1388126802141491204
1388126599523016705
1388126348586143745
1388125799736397829
1388125471880134657
1388125063195529217
1388124766012329986
1388124133905600518
1388124122606092289
1388123976321441793
1388123037095104514
1388122676774965252
1388121977047683077
1388120657121185799
1388118365559005187
1388118162898554885
1388117279292919808
1388116192448155652
1388114864992882693
1388114127219044354
1388114104943058950
1388113245819527170
1388113229457629187
1388112492744921088
1388107037289193473
1388106809156702213
1388106695700885505
1388105829321256960
1388105617852801024
1388105000795131904
1388103742935994375
1388102840208461825
1388102619789500419
1388101731213619201
1388101622136508419
1388101235027361795
1388100548927307781
1388097740547272704
1388097350829318151
1388095557923655684
1388088238208921601
1388096204945477637
1388063082652504066
1388095731404349441
1388093234870636549
1388091201887277056
1388090399424753668
1388089035130871810
1388089022204022791
1388081699561648128
1388080379798724612
1388074989786652678
1388070872976662528
1388060280039559168
1388059309242732545
1388057391334309890
1388052155953729537
1388037964102578176
1388034318421962757
1388033751402303489
1388030926786019329
1388024500348981254
1388022145268256769
1388010390408335360
1388006148024983553
1387998345143234560
1387995244495519745
1387991079190925313
1387990128690409472
1387943610704924675
1387886576928182279
1387962702816063491
1387957464298033157
1387987510689681410
1387987041313595394
1387982825987710976
1387934954793930768
1387978267681038336
1387978042128093185
1387977737214832641
1387977688976183299
1387975450371166208
1387977426265944067
1387973585608773640
1387973072368590855
1387972104969236483
1387971325336113156
1387970755380527104
1387912288666062852
1387714190849318917
1387970278186160129
1387903000795090945
1387969502911074305
1387598325873090568
1387968924621418497
1387609716302434306
1387967879983865857
1387966402586415104
1387966355069145091
1387966110272720897
1387855404974100485
1387941881917624324
1387965922728628229
1387965852948090880
1387963615194624010
1387964384752906244
1387963878055845888
1387960733363736582
1387959792635949057
1387959111552282627
1387958141216870400
1387957531125993473
1387954430235009030
1387954407355129861
1387954245534629888
1387953639784845316
1387953606167498754
1387951610400284683
1387951509896368132
1387950425073201153
1387948321516494848
1387947759471312897
1387947746565427205
1387947388812283912
1387946855770828803
1387946850607640578
1387946735146782720
1387946075277959170
1387945088089837568
1387943595647324160
1387943380357980161
1387942166811533319
1387943122278174730
1387600061308313602
1387940433356070914
1387939964755841031
1387798589196455939
1387939932916916225
1387939808778067968
1387939489037881346
1387845223292735496
1387939254026842113
1387938475509522435
1387938224614563841
1387938028077858817
1387938006896713730
1387937505413148672
1387820444603064325
1387932132320980993
1387932064046108680
1387931066376327171
1387557375348035584
1387930906791399427
1387930748573868035
1387929957469458432
1387929727374172162
1387929083753996288
1387928746083106816
1387777126204588034
1387927687809884163
1387600146137899008
1387838130703659008
1387535268396212224
1387927225173823490
1387854064403107840
1387817569080410112
1387717953982898180
1387745184629157895
1387923561562660870
1387922620214022150
1387825603219492865
1387922340940496898
1387921477522108435
1387920803354775553
1387599709120905220
1387523612484112384
1387920761286021122
1387918471019831299
1387917973684375553
1387916446852911108
1387915001399234563
1387913626913329225
1387913031137599497
1387752460190687234
1387912948014895107
1387748434401234946
1387912780280442890
1387911378413965313
1387911177653661700
1387910889039409152
1387907439132094469
1387907179882160129
1387906819922841603
1387906508512538625
1387906223601750022
1387905354537840646
1387905014157414411
1387905086253375491
1387903522092601347
1387902757449998338
1387901037734875136
1387900184470986753
1387899619624034306
1387899056169627652
1387897684170772480
1387897398412955648
1387897382713626629
1387896899143884802
1387896819687043079
1387896408246824969
1387896385052332033
1387896336108986373
1387896079304339458
1387894792701546496
1387894601273561088
1387893702933336067
1387893622448787464
1387892449431932929
1387891384145809409
1387889602367823874
1387518274666180608
1387889912784035840
1387888688068239367
1387888389572087808
1387542816256106498
1387888319372070920
1387543487558688770
1387547645762211840
1387886121867259906
1387548792627646466
1387886648906633220
1387884940579254272
1387884472134164481
1387883092568952835
1387883005507690509
1387859843478917123
1387799618201731075
1387880436710481922
1387573524978704384
1387783406461857801
1387880063115403270
1387877209881432065
1387876355614953472
1387874180734070791
1387874086005661702
1387873177355919370
1387871224357851150
1387871762482860032
1387870500370763776
1387867941291532290
1387867814380425225
1387867799041810432
1387817971117182986
1387641050068668420
1387867713696043015
1387557553517760512
1387866839628255233
1387865839601426433
1387752450870874117
1387864312484597763
1387864144838340612
1387863057544663040
1387862535542562828
1387860449530564609
1387860072760594433
1387527822529466368
1387859688839127043
1387837671351988230
1387857679486308352
1387856587151314952
1387856000812781568
1387855197725237254
1387852534019153921
1387852492512313347
1387850792997117956
1387787102415372294
1387849047743123457
1387847868946464772
1387843752711135240
1387842473695776771
1387840599957544963
1387531086993838083
1387838097040318467
1387837241871962116
1387836756918218753
1387834841060847618
1387834781757489153
1387834574726647810
1387833560778911747
1387832513956024322
1387810745082056707
1387817030871625732
1387831714597138436
1387831687359483908
1387831517225885697
1387518377183223809
1387830545053208577
1387830280585625604
1387829997721825285
1387829370224615424
1387828883379134470
1387802791930998801
1387827955884253186
1387805305208201217
1387804050436075526
1387827953116065794
1387804769012625409
1387809944725082112
1387827551461072899
1387827906441879559
1387827852964503553
1387826651736813569
1387783906548670466
1387826551308406784
1387826297867542534
1387824592295809026
1387824326536306688
1387823762641506316
1387823278165827584
1387540897798238209
1387822962217193478
1387821900739514368
1387822711129493504
1387822059678584835
1387821801590476803
1387820847688192000
1387820142705455110
1387820060182450176
1387819969531064323
1387819926828863505
1387819594643955712
1387817199969226753
1387816592201953290
1387816354850430977
1387814447155134467
1387749893230505992
1387814281899556875
1387814260055683077
1387813888163463177
1387813667824095232
1387813443877679114
1387813386445021193
1387812163692072965
1387811820438700032
1387811716751319047
1387811523947606019
1387811085433065479
1387809542310924289
1387808618695860228
1387808616942501888
1387808415418916864
1387807992742023179
1387805936300040197
1387800976355217409
1387800109816156162
1387799202726653954
1387798641105068035
1387798357888929794
1387744942836133893
1387797924990521350
1387797218451726337
1387795939797180419
1387795854866714624
1387793864312897536
1387793379803680777
1387792330850189320
1387790957232414727
1387790051241824260
1387790050302255106
1387788347746275335
1387787981369626624
1387787954773504005
1387787954073001988
1387787425540366336
1387787896342683652
1387734944529719296
1387736933187600390
1387787803895939072
1387787633070276608
1387787404074000388
1387599768239710208
1387599453268414465
1387603007941062658
1387786505817571330
1387786274124218379
1387786121665519616
1387785834884182018
1387785657171464197
1387782847763714052
1387785440921628675
1387783708497825799
1387782283315326978
1387782064347492352
1387781256130203655
1387780470776209409
1387780404657205254
1387779853865340928
1387779498876284940
1387777661548863498
1387777653122424835
1387774504978554881
1387774047187095557
1387773755154444299
1387772813004660746
1387771644870074378
1387771545825783815
1387770928449347597
1387770884052733967
1387769807592951808
1387769711459508239
1387768623536689152
1387767373336358924
1387733660393148416
1387762452071333901
1387762249280983043
1387761031607369728
1387760845707481090
1387760053541908480
1387759083386818561
1387757981824061440
1387757826261520385
1387757470358114307
1387755890611265548
1387755514092789760
1387753817383612418
1387753738442616835
1387752943244304384
1387751849843990528
1387751142336180224
1387749586706616320
1387749430938456064
1387748004589936641
1387745640587960320
1387745123069464582
1387744729098502149
1387742737076731906
1387742234850758656
1387742347807576064
1387741501048885255
1387740303831019521
1387739792977301504
1387739701361225731
1387739475946754051
1387736926107492354
1387550321921118217
1387736098856636418
1387735720152866826
1387735586782523393
1387735333228400642
1387733891490930689
1387734643848384516
1387734120340598786
1387732820311805956
1387730082702184449
1387729504618045441
1387727624173199362
1387725409689776128
1387722928352026627
1387722890544619523
1387722394224283649
1387541630211829762
1387722350720954369
1387719092631638016
1387715483382829058
1387715268567257091
1387714709504282625
1387709652201349126
1387703718443986945
1387703382547353603
1387703986652913666
1387698473953280000
1387697618898333698
1387684165802467330
1387669105445122048
1387665547341484033
1387660384123990016
1387664884192747520
1387655873569431556
1387655796268412934
1387653753747214336
1387651875441418241
1387649817195728899
1387648873133379586
1387645236092891142
1387643692526325760
1387628428833300480
1387628154332844033
1387637174821171200
1387625140167524360
1387633249896345600
1387632094118039552
1387627937231515656
1387523857427337218
1387626015141343233
1387627812052480005
1387556740825235456
1387557129847033861
1387624674075496448
1387622238258597889
1387621684816011264
1387622008746283014
1387620984048467968
1387618235814719490
1387613096580104192
1387611763387076616
1387610213864378369
1387608645991501826
1387600189939138561
1387598255010242564
1387597839312859137
1387596943573065728
1387596674239959042
1387596346497044480
1387596003423961094
1387585687059374080
1387594750555996164
1387594609522532360
1387593185879367682
1387592782504730632
1387592362759794689
1387591966536441856
1387591452746784770
1387591420249313290
1387591037745516549
1387591033299607553
1387579348673351683
1387570895015878663
1387590246561374223
1387523124112109572
1387587131351130118
1387589822462795781
1387589580262621184
1387589125956587521
1387588144695062528
1387587237995548674
1387586256251535361
1387585575188848641
1387584904297332739
1387582477225574400
1387582372766437376
1387581789997240323
1387581472501112833
1387580551259901953
1387579664936361986
1387579162748243970
1387579077826076673
1387578460793671682
1387577634540998661
1387577472015900678
1387577321243226114
1387576993311494152
1387576860607922176
1387576634816049154
1387575300511477760
1387575227283034115
1387574456248377351
1387573739722784772
1387573576941948928
1387573339393298437
1387571823143948300
1387571514627829765
1387571463218208774
1387571384243703812
1387570638454509580
1387569517644161027
1387569246075502594
1387567904376475650
1387567533675384834
1387567416784400392
1387567293618606088
1387565440583487489
1387565385927495682
1387565155815464966
1387563935583375360
1387563828062343175
1387563256148107264
1387561948334731264
1387561903451525122
1387561669820289026
1387561034131648517
1387559125610123264
1387557378745409539
1387556735733411841
1387555878845489153
1387555523462111237
1387555119156416513
1387554762644758529
1387552260272631810
1387550765435269124
1387548150940979202
1387546668124590082
1387545249095069700
1387539508690837504
1387538356486221842
1387537480019333121
1387532874363150337
1387531765988970505
1387545204627025923
1387538135526031360
1387539277320445952
1387537895544786949
1387538675882471428
1387544308404957185
1387541578168901636
1387535514337792002
1387541134927335427
1387539222005960705
1387538991147270145
1387538895483674626
1387538351889256456
1387537019044175873
1387534939005067264
1387534293099028487
1387534211062583305
1387533588074311685
1387532542669115394
1387532494342397954
1387530903459672067
1387530806697005059
1387530756394786817
1387530152670863360
1387530056252239874
1387529902807818241
1387528126557790208
1387526406423334913
1387525609207775244
1387524478175891457
1387523997999501314
1387523518259212297
1387522919178379267
1387522676995072001
1387519911623331841
1387519037652062208
1387518443960913923
1387518446242615299
1387518204138958856
1387518199898456068
1387518157187784707
1387517578168324096
1387517566990569473
1387516591949205506
1387516511191982080
1387516335622602757
1387516314336563201
1387516005279145984
1387515425710301186
1387515407955906560
1387514098787696645
1387513524377853952
1387513081513889797
1387512571658375178
1387511447413002243
1387451823741669376
1387510945447124999
1387509450123132933
1387509006709760001
1387508561505394688
1387508120969175042
1387506421328191491
1387220912890654721
1387503566642888704
1387504428039684101
1387505384601042945
1387219574039384070
1387503457331032067
1387484673610244098
1387505685374590985
1387503755495682049
1387503174274228228
1387502605509832708
1387431546790027268
1387350315234643969
1387502589554696194
1387502395576492037
1387499847629131778
1387499674605604865
1387499211512446976
1387499079949819914
1387497777316433923
1387351529498320898
1387497133759156231
1387496780128940037
1387496526289702921
1387495975917289474
1387495636971499523
1387494985814233091
1387494545257078785
1387494008344219649
1387493549676113929
1387488674913390596
1387370314607337473
1387492589780316162
1387467671894167561
1387493106073882624
1387370813188448258
1387492104578928640
1387492668826169351
1387492168768626688
1387491604995452937
1387342059586015232
1387446198122934273
1387210102839463936
1387491238182490115
1387409570100768774
1387491002294972418
1387195285651271683
1387190494472593408
1387199524431671301
1387490426849054720
1387488749181878274
1387488724494266370
1387472976153661441
1387468078896848898
1387469744069021702
1387486940484800515
1387486818984210438
1387484366398439428
1387484824320024576
1387480964356616198
1387262621510893568
1387483540569350151
1387482506308595722
1387481534756687877
1387466280060526603
1387480962104184832
1387480591587741699
1387479613614473223
1387479443812323338
1387478758236504067
1387478152180424706
1387477398157987844
1387154200371548167
1387475001826320389
1387474460345831428
1387393616314781697
1387239103377416198
1387474221803220995
1387474010741542919
1387473130709454851
1387472299129978886
1387281652796301314
1387275298413109248
1387235103605145605
1387454546457284612
1387424125183053827
1387233715013787653
1387156019952996359
1387150846572613636
1387155264969789447
1387454314906636289
1387457671163523077
1387455320348368898
1387156233342357509
1387247728879603713
1387471933101547522
1387471543052210177
1387471350193868804
1387470062727188491
1387404294807244803
1387469350152585218
1387469344972713986
1387469331131478016
1387467677069946886
1387196800147283970
1387468384602820617
1387466822459482123
1387466326764138502
1387466021674569729
1387465731592306691
1387465515761905673
1387465116665454601
1387465024323694593
1387464530716884992
1387464162494791685
1387435468212609024
1387464020152696833
1387408743088984064
1387463719592988677
1387463494103089155
1387463437391912962
1387463218595983360
1387454732785143816
1387462113585770499
1387462218757943301
1387462123220049925
1387461819950841865
1387380472330784771
1387461626916376578
1387461251605934089
1387267550807945218
1387461121485979658
1387459543416901642
1387459441084309517
1387459298469584896
1387459273937010689
1387458876094701576
1387384719101382657
1387457465198030848
1387456855782395910
1387456642241998854
1387455891885248514
1387455876672495619
1387455363134464001
1387454950817640453
1387454934107529223
1387454694398865409
1387421448139116544
1387452168567988225
1387451790921240576
1387451488092446720
1387451356701724679
1387449692737441798
1387449651834638340
1387449230571286530
1387448798012706818
1387448256519618560
1387448209245671427
1387446940703592449
1387446211666382849
1387445365960581120
1387444881153531905
1387443079104319496
1387442918110253058
1387442256999768070
1387441681264488452
1387441052315963394
1387441009357959172
1387439929022717954
1387439636251807745
1387438881436585991
1387439625837367301
1387438465692934153
1387438261648465924
1387437737654071305
1387437674928164872
1387436406692356096
1387435986003578894
1387435662555717634
1387434262488625153
1387433793141841921
1387433757230211074
1387433725659598849
1387433387498131456
1387433266647650314
1387433227909013505
1387431992485195783
1387183586651082758
1387190152452268033
1387431766303072260
1387431276227989508
1387431074880442368
1387430989035720715
1387430077760253959
1387429638293622788
1387428623330824192
1387427999587266568
1387427773271134211
1387427462309720064
1387427438624444417
1387427362904678401
1387426166567579649
1387425691147378689
1387425157871030274
1387425134693208069
1387425046818349059
1387424453278277633
1387424096510779395
1387424094962995202
1387423701633695745
1387423504363147265
1387422530613379082
1387422032741142528
1387421350789275649
1387421165745025028
1387390811567005699
1387419704445345794
1387419077447200768
1387196162122424324
1387418095422164994
1387416776548524037
1387415541447643139
1387150141405159426
1387146536593788931
1387144338312994822
1387145595333251072
1387145129308397572
1387154932357292037
1387147339366866949
1387145822278766596
1387152006679306249
1387414656755585029
1387414512467386382
1387414403444887553
1387412837102915604
1387412529106796546
1387411876456321026
1387411313492627463
1387411218445611014
1387320147426353153
1387406172442009600
1387207308460150785
1387404949487820801
1387404657979494405
1387403636645548032
1387402258875355142
1387402091774332929
1387154073846173702
1387400794882838529
1387246709881909249
1387399004871446531
1387398740785369098
1387397135197474822
1387396606597779458
1387396374686281730
1387395125744132100
1387394707538513920
1387394518744510466
1387267133831323648
1387262210515292160
1387301609525424129
1387321065496584193
1387393957232009218
1387392668955811846
1387392153526099973
1387391977898004484
1387390131578052608
1387169637083799555
1387390735364788224
1387390278999449600
1387390201366974467
1387389580777766913
1387387808126574594
1387387657303494658
1387387265907838979
1387386553002078208
1387384037552050179
1387383761369804801
1387383300839378946
1387383283185508353
1387382850320846850
1387164240860127240
1387378890746863616
1387378480803876864
1387378243439890441
1387146996595712000
1387376431227887618
1387376110195945476
1387374847450288128
1387374462325207044
1387374143813922819
1387236422927724545
1387373273038475267
1387372872335831047
1387373137965326339
1387371981226401792
1387371814289088513
1387371757279977476
1387370655587487746
1387370422098923521
1387163551828258821
1387368148983328768
1387360580344942594
1387235728506163207
1387367708430409733
1387367154555756548
1387366151550906373
1387364904466780164
1387363151201677319
1387362308972814340
1387362246620241920
1387361315811954688
1387359530741379078
1387360894636773376
1387360273946890243
1387359493424656386
1387358659500515334
1387357049860902913
1387355231491657733
1387351490071875586
1387347380853485568
1387340744558514176
1387336881877266434
1387280638105903118
1387335756042096640
1387333372066902017
1387320406357549057
1387318368454250497
1387298031326924800
1387286023575592963
1387284844728700929
1387291948294213632
1387290942642823169
1387289102928785409
1387279085550899200
1387284103557525505
1387283945692307456
1387283539633315840
1387282023753125889
1387277603292254208
1387281805095710720
1387277717482115073
1387277117872697350
1387276939363295232
1387275738915672066
1387275226971611137
1387272548270936064
1387269908069863431
1387268615704129536
1387267347380064256
1387267286462046208
1387267016931770369
1387266270786170892
1387266203954073602
1387265634808082432
1387214629051457540
1387263040299667456
1387262252365926405
1387261666216325127
1387258965550149635
1387261143983529984
1387259234719514624
1387257380736471046
1387255236516065280
1387254308945776641
1387213611542659075
1387246708472565762
1387214420930084869
1387212595891998727
1387217832442744837
1387209094809915399
1387218902560780291
1387245111160066052
1387254106855723008
1387244226837155842
1387243465428414465
1387217253184192512
1387215920754475010
1387218348946100226
1387224361627799554
1387217420830584838
1387211646809124868
1387253574795546625
1387251759131754499
1387250966118944769
1387250921575432197
1387250075517308930
1387250039219687424
1387246024448675842
1387249239353348097
1387248543199424513
1387248339960274946
1387247419667189760
1387248092932542464
1387246763308892165
1387244612822183938
1387244486124875779
1387244028647911427
1387243488253722628
1387243064499085316
1387242668539973633
1387242318999195651
1387241643074457602
1387240865102548995
1387240219913736198
1387239210038538243
1387239086029774848
1387238439196766214
1387238254051725317
1387238078859800576
1387236866995462144
1387236778503987204
1387236403671621633
1387234347393208320
1387234157240147972
1387234085572120579
1387233862577704962
1387232864056532998
1387233681719320583
1387230266008166404
1387233269024964608
1387232125473234964
1387230411437318145
1387232657269010433
1387232579733098498
1387232413034627082
1387232106049380354
1387225735065227271
1387229134686928902
1387228902146383876
1387228189290745857
1387227926731579393
1387227891386228738
1387156275411263489
1387226168663937029
1387187818724741128
1387225428788645893
1387185570959564805
1387225346639081472
1387223486075183107
1387222066416467970
1387221524285992960
1387217764314669058
1387218864300253184
1387220101112471552
1387219066465800196
1387157901761040388
1387220788307185670
1387220697995485187
1387220021638844423
1387219846044258308
1387219780696825863
1387216549317124100
1387215848822255622
1387215349905506306
1387214486474526720
1387214132752048133
1387214456938242049
1387213288845492225
1387212550471753730
1387209790141644801
1387209348586352644
1387209179698536450
1387208635881754629
1387207651818344450
1387205774343086080
1387204990037540866
1387204388830294020
1387203429962027009
1387203410697637890
1387203265016778754
1387203216757166082
1387203124419514369
1387201712558116866
1387201587613995025
1387201234717888517
1387200915170529282
1387200710941491208
1387200679807266824
1387200388177223684
1387200281700708352
1387199924480131076
1387196973313372164
1387199166154149890
1387198366162034688
1387163009597022218
1387197946081447939
1387197528064528386
1387197184265924611
1387197150069760003
1387196920104431619
1387196856267051017
1387162798485118984
1387194831877906438
1387194684125089792
1387194432500510721
1387193611352170500
1387193399141408771
1387193259844194306
1387193219235078144
1387193180370743296
1387193174540627968
1387192852950700042
1387192750102269955
1387192356185726985
1387191578779922434
1387191491781709824
1387191116341157889
1387190079152611335
1387189641875533826
1387189392586969089
1387187697316474882
1387185597434023940
1387185046432456710
1387183368312442881
1387182661282770947
1387182654563491849
1387182621537492996
1387182130720133124
1387181812762480645
1387181696668274690
1387181696169218048
1387180577225383936
1387180212534882304
1387179885966340097
1387179612967522307
1387178585383972867
1387155997085605896
1387152862115926024
1387156207056658436
1387178449815621633
1387177518784987139
1387177422676795394
1387177026365411329
1387176647388975108
1387175732179308547
1387175575257862150
1387175294793039873
1387174649641975812
1387157011175907331
1387173809900244992
1387173404483149825
1387173387303260160
1387172802403442688
1387173149935030277
1387172676939231237
1387170970293653507
1387170874348953603
1387170610090962950
1387170203323310084
1387168989848260610
1387168960077049857
1387168796511809538
1387168700466442240
1387168435856085003
1387168396131848197
1387168010494939137
1387167545904533507
1387167148037099525
1387166410321899526
1387166295347671042
1387165764952727554
1387165592348733448
1387165133240143872
1387165033470304256
1387164817656487938
1387164810664718336
1387164741353750534
1387163921207934980
1387163652587991040
1387162974033416198
1387162967872049163
1387162109453217803
1387161730682392581
1387160751215894529
1387159249176891394
1387159130197069826
1387155233969786881
1387158335481331713
1387157898220949516
1387157371592523776
1387156710981263364
1387156669201793027
1387156628101869579
1387156550368780296
1387155993256239109
1387155901199626240
1387154887994224643
1387155271324250120
1387154860856987650
1387154369209061376
1387153015711453189
1387154336480903168
1387153432717451265
1387153839875362819
1387153795025616898
1387146147647655951
1387153105142288388
1387152910690181124
1387152670486581249
1387152644158992384
1387152579159896066
1387151166421803008
1387150522319245315
1387150425334423555
1387150388680331268
1387150088347209741
1387149642064973824
1387149452096331776
1387148760661303297
1387148581396692995
1387148458558111756
1387148283701772290
1387147761938833410
1387147297641926660
1387146706375032834
1387146469061312515
1387146078110326794
1387145930831548423
1387145918860902403
1387145906244444166
1387145516828463104
1387145394438774786
1387145149529079812
1387145078209224716
1387144726487437318
1387144714298740737
1387144424476626946
1387143524865482756
1387143123013410819
1387142897133395970
1387142742342610952
1387142389794545669
